# relative_time, cycles_done, cur_item, corpus_count, pending_total, pending_favs, map_size, saved_crashes, saved_hangs, max_depth, execs_per_sec, total_execs, edges_found
62, 0, 0, 3, 0, 0, 13.33%, 0, 1, 1, 10.41, 533, 2
67, 0, 0, 3, 0, 0, 13.33%, 0, 1, 1, 10.15, 588, 2
72, 0, 0, 3, 0, 0, 13.33%, 0, 1, 1, 12.94, 652, 2
77, 0, 0, 3, 0, 0, 13.33%, 0, 1, 1, 12.72, 716, 2
82, 0, 0, 3, 0, 0, 13.33%, 0, 1, 1, 12.42, 774, 2
87, 0, 0, 3, 0, 0, 13.33%, 0, 1, 1, 15.31, 857, 2
92, 0, 0, 3, 0, 0, 13.33%, 0, 1, 1, 11.86, 904, 2
97, 0, 0, 3, 0, 0, 13.33%, 0, 1, 1, 9.13, 947, 2
103, 0, 0, 3, 0, 0, 13.33%, 0, 1, 1, 9.74, 991, 2
108, 0, 0, 3, 0, 0, 13.33%, 0, 1, 1, 10.84, 1047, 2
113, 0, 0, 3, 0, 0, 13.33%, 0, 1, 1, 12.72, 1120, 2
118, 0, 0, 3, 0, 0, 13.33%, 0, 1, 1, 14.96, 1199, 2
123, 0, 0, 3, 0, 0, 13.33%, 0, 1, 1, 10.29, 1246, 2
128, 0, 0, 3, 0, 0, 13.33%, 0, 1, 1, 11.36, 1308, 2
134, 0, 0, 3, 0, 0, 13.33%, 0, 1, 1, 10.14, 1348, 2
139, 0, 0, 3, 0, 0, 13.33%, 0, 1, 1, 14.87, 1432, 2
144, 0, 0, 3, 0, 0, 13.33%, 0, 1, 1, 13.12, 1491, 2
149, 1, 0, 3, 0, 0, 13.33%, 0, 1, 1, 14.16, 1566, 2
154, 1, 0, 3, 0, 0, 13.33%, 0, 1, 1, 2.91, 1593, 2
159, 1, 0, 3, 0, 0, 13.33%, 0, 1, 1, 12.21, 1665, 2
164, 1, 0, 3, 0, 0, 13.33%, 0, 1, 1, 15.82, 1751, 2
169, 1, 0, 3, 0, 0, 13.33%, 0, 1, 1, 15.16, 1827, 2
175, 1, 0, 3, 0, 0, 13.33%, 0, 1, 1, 16.06, 1911, 2
180, 1, 0, 3, 0, 0, 13.33%, 0, 1, 1, 13.42, 1980, 2
185, 1, 0, 3, 0, 0, 13.33%, 0, 1, 1, 6.56, 2016, 2
190, 1, 0, 3, 0, 0, 13.33%, 0, 1, 1, 14.19, 2101, 2
195, 1, 0, 3, 0, 0, 13.33%, 0, 1, 1, 15.28, 2181, 2
200, 1, 0, 3, 0, 0, 13.33%, 0, 1, 1, 13.30, 2248, 2
205, 1, 0, 3, 0, 0, 13.33%, 0, 1, 1, 13.43, 2306, 2
210, 1, 0, 3, 0, 0, 13.33%, 0, 1, 1, 15.77, 2389, 2
216, 1, 0, 3, 0, 0, 13.33%, 0, 1, 1, 14.55, 2464, 2
221, 1, 0, 3, 0, 0, 13.33%, 0, 1, 1, 12.43, 2520, 2
226, 1, 0, 3, 0, 0, 13.33%, 0, 1, 1, 14.21, 2596, 2
231, 1, 0, 3, 0, 0, 13.33%, 0, 1, 1, 16.39, 2683, 2
236, 1, 0, 3, 0, 0, 13.33%, 0, 1, 1, 12.08, 2742, 2
242, 1, 0, 3, 0, 0, 13.33%, 0, 1, 1, 8.35, 2776, 2
247, 1, 0, 3, 0, 0, 13.33%, 0, 1, 1, 6.85, 2806, 2
252, 1, 0, 3, 0, 0, 13.33%, 0, 1, 1, 6.11, 2837, 2
257, 1, 0, 3, 0, 0, 13.33%, 0, 1, 1, 5.93, 2866, 2
264, 1, 0, 3, 0, 0, 13.33%, 0, 1, 1, 0.43, 2879, 2
269, 1, 0, 3, 0, 0, 13.33%, 0, 1, 1, 4.08, 2900, 2
274, 1, 0, 3, 0, 0, 13.33%, 0, 1, 1, 4.31, 2922, 2
279, 1, 0, 3, 0, 0, 13.33%, 0, 1, 1, 4.47, 2946, 2
284, 1, 0, 3, 0, 0, 13.33%, 0, 1, 1, 3.60, 2960, 2
289, 1, 0, 3, 0, 0, 13.33%, 0, 1, 1, 2.88, 2969, 2
295, 1, 0, 3, 0, 0, 13.33%, 0, 1, 1, 2.50, 2977, 2
300, 1, 0, 3, 0, 0, 13.33%, 0, 1, 1, 2.21, 2985, 2
305, 1, 0, 3, 0, 0, 13.33%, 0, 1, 1, 2.29, 2996, 2
310, 1, 0, 3, 0, 0, 13.33%, 0, 1, 1, 2.66, 3010, 2
315, 1, 0, 3, 0, 0, 13.33%, 0, 1, 1, 2.69, 3021, 2
321, 1, 0, 3, 0, 0, 13.33%, 0, 1, 1, 2.31, 3029, 2
326, 1, 0, 3, 0, 0, 13.33%, 0, 1, 1, 2.51, 3043, 2
332, 1, 0, 3, 0, 0, 13.33%, 0, 1, 1, 2.36, 3053, 2
337, 1, 0, 3, 0, 0, 13.33%, 0, 1, 1, 2.33, 3062, 2
343, 1, 0, 3, 0, 0, 13.33%, 0, 1, 1, 2.09, 3070, 2
348, 1, 0, 3, 0, 0, 13.33%, 0, 1, 1, 2.98, 3085, 2
353, 1, 0, 3, 0, 0, 13.33%, 0, 1, 1, 12.74, 3160, 2
359, 2, 0, 3, 0, 0, 13.33%, 0, 1, 1, 0.64, 3213, 2
364, 2, 0, 3, 0, 0, 13.33%, 0, 1, 1, 14.66, 3291, 2
369, 2, 0, 3, 0, 0, 13.33%, 0, 1, 1, 12.17, 3346, 2
375, 2, 0, 3, 0, 0, 13.33%, 0, 1, 1, 11.04, 3391, 2
380, 2, 0, 3, 0, 0, 13.33%, 0, 1, 1, 1.24, 3410, 2
385, 2, 0, 3, 0, 0, 13.33%, 0, 1, 1, 1.79, 3421, 2
391, 2, 0, 3, 0, 0, 13.33%, 0, 1, 1, 2.03, 3431, 2
396, 2, 0, 3, 0, 0, 13.33%, 0, 1, 1, 1.99, 3440, 2
401, 2, 0, 3, 0, 0, 13.33%, 0, 1, 1, 2.06, 3451, 2
407, 2, 0, 3, 0, 0, 13.33%, 0, 1, 1, 2.15, 3462, 2
412, 2, 0, 3, 0, 0, 13.33%, 0, 1, 1, 2.16, 3471, 2
417, 2, 0, 3, 0, 0, 13.33%, 0, 1, 1, 13.81, 3503, 2
422, 2, 0, 3, 0, 0, 13.33%, 0, 1, 1, 9.12, 3535, 2
428, 2, 0, 3, 0, 0, 13.33%, 0, 1, 1, 7.46, 3570, 2
433, 2, 0, 3, 0, 0, 13.33%, 0, 1, 1, 8.72, 3616, 2
438, 2, 0, 3, 0, 0, 13.33%, 0, 1, 1, 8.78, 3664, 2
443, 2, 0, 3, 0, 0, 13.33%, 0, 1, 1, 5.17, 3679, 2
449, 2, 0, 3, 0, 0, 13.33%, 0, 1, 1, 3.81, 3690, 2
454, 2, 0, 3, 0, 0, 13.33%, 0, 1, 1, 1.41, 3699, 2
459, 2, 0, 3, 0, 0, 13.33%, 0, 1, 1, 1.94, 3710, 2
464, 2, 0, 3, 0, 0, 13.33%, 0, 1, 1, 1.97, 3719, 2
469, 2, 0, 3, 0, 0, 13.33%, 0, 1, 1, 2.25, 3729, 2
475, 2, 0, 3, 0, 0, 13.33%, 0, 1, 1, 2.79, 3743, 2
480, 2, 0, 3, 0, 0, 13.33%, 0, 1, 1, 5.09, 3775, 2
485, 2, 0, 3, 0, 0, 13.33%, 0, 1, 1, 4.94, 3797, 2
490, 2, 0, 3, 0, 0, 13.33%, 0, 1, 1, 7.50, 3837, 2
495, 2, 0, 3, 0, 0, 13.33%, 0, 1, 1, 7.11, 3875, 2
500, 2, 0, 3, 0, 0, 13.33%, 0, 1, 1, 11.34, 3934, 2
505, 2, 0, 3, 0, 0, 13.33%, 0, 1, 1, 6.91, 3955, 2
510, 2, 0, 3, 0, 0, 13.33%, 0, 1, 1, 5.33, 3978, 2
516, 2, 0, 3, 0, 0, 13.33%, 0, 1, 1, 4.91, 4003, 2
521, 2, 0, 3, 0, 0, 13.33%, 0, 1, 1, 5.20, 4030, 2
526, 2, 0, 3, 0, 0, 13.33%, 0, 1, 1, 4.84, 4054, 2
531, 2, 0, 3, 0, 0, 13.33%, 0, 1, 1, 4.42, 4077, 2
536, 2, 0, 3, 0, 0, 13.33%, 0, 1, 1, 4.82, 4104, 2
542, 2, 0, 3, 0, 0, 13.33%, 0, 1, 1, 4.60, 4127, 2
547, 2, 0, 3, 0, 0, 13.33%, 0, 1, 1, 4.20, 4147, 2
552, 2, 0, 3, 0, 0, 13.33%, 0, 1, 1, 3.16, 4158, 2
558, 2, 0, 3, 0, 0, 13.33%, 0, 1, 1, 2.73, 4168, 2
563, 2, 0, 3, 0, 0, 13.33%, 0, 1, 1, 3.73, 4187, 2
563, 2, 0, 3, 0, 0, 13.33%, 0, 1, 1, 0.00, 4187, 2
